0 1 2 3 4 5 6 7 8 9 10 11 12 13 14 15 16 17 18 
 1 2 3 4 5 6 7 8 9 10 11 12 13 14 15 16 17 18 -41024105942.0
 0 2 3 4 5 6 7 8 9 10 11 12 13 14 15 16 17 18 -41687111998.6
 0 1 3 4 5 6 7 8 9 10 11 12 13 14 15 16 17 18 -41306718717.2
 0 1 2 4 5 6 7 8 9 10 11 12 13 14 15 16 17 18 -41015835577.9
 0 1 2 3 5 6 7 8 9 10 11 12 13 14 15 16 17 18 -41024493509.2
 0 1 2 3 4 6 7 8 9 10 11 12 13 14 15 16 17 18 -41014004046.1
 0 1 2 3 4 5 7 8 9 10 11 12 13 14 15 16 17 18 -43091116212.1
 0 1 2 3 4 5 6 8 9 10 11 12 13 14 15 16 17 18 -42155597586.6
 0 1 2 3 4 5 6 7 9 10 11 12 13 14 15 16 17 18 -41249748163.1
 0 1 2 3 4 5 6 7 8 10 11 12 13 14 15 16 17 18 -44851323782.5
 0 1 2 3 4 5 6 7 8 9 11 12 13 14 15 16 17 18 -41015835577.9
 0 1 2 3 4 5 6 7 8 9 10 12 13 14 15 16 17 18 -41015835577.9
 0 1 2 3 4 5 6 7 8 9 10 11 13 14 15 16 17 18 -43253664623.2
 0 1 2 3 4 5 6 7 8 9 10 11 12 14 15 16 17 18 -41068496430.2
 0 1 2 3 4 5 6 7 8 9 10 11 12 13 15 16 17 18 -41591790976.3
 0 1 2 3 4 5 6 7 8 9 10 11 12 13 14 16 17 18 -47041508273.3
 0 1 2 3 4 5 6 7 8 9 10 11 12 13 14 15 17 18 -41576088655.7
 0 1 2 3 4 5 6 7 8 9 10 11 12 13 14 15 16 18 -40990100588.9
 0 1 2 3 4 5 6 7 8 9 10 11 12 13 14 15 16 17 -41067160696.0


eliminate feature sqft_living15

0 1 2 3 4 5 6 7 8 9 10 11 12 13 14 15 16 18 
 1 2 3 4 5 6 7 8 9 10 11 12 13 14 15 16 18 -40998275167.7
 0 2 3 4 5 6 7 8 9 10 11 12 13 14 15 16 18 -41664934283.4
 0 1 3 4 5 6 7 8 9 10 11 12 13 14 15 16 18 -41272013795.4
 0 1 2 4 5 6 7 8 9 10 11 12 13 14 15 16 18 -40990113028.7
 0 1 2 3 5 6 7 8 9 10 11 12 13 14 15 16 18 -40993593305.8
 0 1 2 3 4 6 7 8 9 10 11 12 13 14 15 16 18 -40971949905.6
 0 1 2 3 4 5 7 8 9 10 11 12 13 14 15 16 18 -43049029289.8
 0 1 2 3 4 5 6 8 9 10 11 12 13 14 15 16 18 -42226903051.7
 0 1 2 3 4 5 6 7 9 10 11 12 13 14 15 16 18 -41215431510.3
 0 1 2 3 4 5 6 7 8 10 11 12 13 14 15 16 18 -45433725035.6
 0 1 2 3 4 5 6 7 8 9 11 12 13 14 15 16 18 -40990113028.7
 0 1 2 3 4 5 6 7 8 9 10 12 13 14 15 16 18 -40990113028.7
 0 1 2 3 4 5 6 7 8 9 10 11 13 14 15 16 18 -43274385800.3
 0 1 2 3 4 5 6 7 8 9 10 11 12 14 15 16 18 -41037194945.8
 0 1 2 3 4 5 6 7 8 9 10 11 12 13 15 16 18 -41600985502.8
 0 1 2 3 4 5 6 7 8 9 10 11 12 13 14 16 18 -47051401125.1
 0 1 2 3 4 5 6 7 8 9 10 11 12 13 14 15 18 -41484741236.9
 0 1 2 3 4 5 6 7 8 9 10 11 12 13 14 15 16 -41038214901.1


eliminate feature floors

0 1 2 3 4 6 7 8 9 10 11 12 13 14 15 16 18 
 1 2 3 4 6 7 8 9 10 11 12 13 14 15 16 18 -40980077672.7
 0 2 3 4 6 7 8 9 10 11 12 13 14 15 16 18 -41649207111.3
 0 1 3 4 6 7 8 9 10 11 12 13 14 15 16 18 -41321211675.0
 0 1 2 4 6 7 8 9 10 11 12 13 14 15 16 18 -40971902920.1
 0 1 2 3 6 7 8 9 10 11 12 13 14 15 16 18 -40975183244.9
 0 1 2 3 4 7 8 9 10 11 12 13 14 15 16 18 -43033010877.0
 0 1 2 3 4 6 8 9 10 11 12 13 14 15 16 18 -42211181450.9
 0 1 2 3 4 6 7 9 10 11 12 13 14 15 16 18 -41188374891.7
 0 1 2 3 4 6 7 8 10 11 12 13 14 15 16 18 -45452260751.1
 0 1 2 3 4 6 7 8 9 11 12 13 14 15 16 18 -40971902920.1
 0 1 2 3 4 6 7 8 9 10 12 13 14 15 16 18 -40971902920.1
 0 1 2 3 4 6 7 8 9 10 11 13 14 15 16 18 -43353104975.9
 0 1 2 3 4 6 7 8 9 10 11 12 14 15 16 18 -41022542397.3
 0 1 2 3 4 6 7 8 9 10 11 12 13 15 16 18 -41566935782.0
 0 1 2 3 4 6 7 8 9 10 11 12 13 14 16 18 -47091228273.0
 0 1 2 3 4 6 7 8 9 10 11 12 13 14 15 18 -41475400920.1
 0 1 2 3 4 6 7 8 9 10 11 12 13 14 15 16 -41022383496.4


eliminate feature sqft_living

