0 1 2 3 4 5 6 7 8 9 10 11 12 13 14 15 16 17 18 
 1 2 3 4 5 6 7 8 9 10 11 12 13 14 15 16 17 18 0.834635848533
 0 2 3 4 5 6 7 8 9 10 11 12 13 14 15 16 17 18 0.834496841946
 0 1 3 4 5 6 7 8 9 10 11 12 13 14 15 16 17 18 0.834635538127
 0 1 2 4 5 6 7 8 9 10 11 12 13 14 15 16 17 18 0.833340055697
 0 1 2 3 5 6 7 8 9 10 11 12 13 14 15 16 17 18 0.834265446163
 0 1 2 3 4 6 7 8 9 10 11 12 13 14 15 16 17 18 0.834866955372
 0 1 2 3 4 5 7 8 9 10 11 12 13 14 15 16 17 18 0.834080421578
 0 1 2 3 4 5 6 8 9 10 11 12 13 14 15 16 17 18 0.831998266297
 0 1 2 3 4 5 6 7 9 10 11 12 13 14 15 16 17 18 0.832507771578
 0 1 2 3 4 5 6 7 8 10 11 12 13 14 15 16 17 18 0.820616316737
 0 1 2 3 4 5 6 7 8 9 11 12 13 14 15 16 17 18 0.832322565009
 0 1 2 3 4 5 6 7 8 9 10 12 13 14 15 16 17 18 0.833894979568
 0 1 2 3 4 5 6 7 8 9 10 11 13 14 15 16 17 18 0.831998780121
 0 1 2 3 4 5 6 7 8 9 10 11 12 14 15 16 17 18 0.833987540052
 0 1 2 3 4 5 6 7 8 9 10 11 12 13 15 16 17 18 0.833339980777
 0 1 2 3 4 5 6 7 8 9 10 11 12 13 14 16 17 18 0.739692220425
 0 1 2 3 4 5 6 7 8 9 10 11 12 13 14 15 17 18 0.832460908006
 0 1 2 3 4 5 6 7 8 9 10 11 12 13 14 15 16 18 0.832692667786
 0 1 2 3 4 5 6 7 8 9 10 11 12 13 14 15 16 17 0.834172885723


eliminate feature floors

0 1 2 3 4 6 7 8 9 10 11 12 13 14 15 16 17 18 
 1 2 3 4 6 7 8 9 10 11 12 13 14 15 16 17 18 0.835792592063
 0 2 3 4 6 7 8 9 10 11 12 13 14 15 16 17 18 0.835283407823
 0 1 3 4 6 7 8 9 10 11 12 13 14 15 16 17 18 0.834033879211
 0 1 2 4 6 7 8 9 10 11 12 13 14 15 16 17 18 0.834589381086
 0 1 2 3 6 7 8 9 10 11 12 13 14 15 16 17 18 0.835005854911
 0 1 2 3 4 7 8 9 10 11 12 13 14 15 16 17 18 0.835329843231
 0 1 2 3 4 6 8 9 10 11 12 13 14 15 16 17 18 0.833710158444
 0 1 2 3 4 6 7 9 10 11 12 13 14 15 16 17 18 0.833433022957
 0 1 2 3 4 6 7 8 10 11 12 13 14 15 16 17 18 0.823902175384
 0 1 2 3 4 6 7 8 9 11 12 13 14 15 16 17 18 0.831535742331
 0 1 2 3 4 6 7 8 9 10 12 13 14 15 16 17 18 0.835283150963
 0 1 2 3 4 6 7 8 9 10 11 13 14 15 16 17 18 0.833155641364
 0 1 2 3 4 6 7 8 9 10 11 12 14 15 16 17 18 0.834681748848
 0 1 2 3 4 6 7 8 9 10 11 12 13 15 16 17 18 0.834589327525
 0 1 2 3 4 6 7 8 9 10 11 12 13 14 16 17 18 0.731225695133
 0 1 2 3 4 6 7 8 9 10 11 12 13 14 15 17 18 0.833849186391
 0 1 2 3 4 6 7 8 9 10 11 12 13 14 15 16 18 0.833571387313
 0 1 2 3 4 6 7 8 9 10 11 12 13 14 15 16 17 0.834774394932


eliminate feature id

1 2 3 4 6 7 8 9 10 11 12 13 14 15 16 17 18 
 2 3 4 6 7 8 9 10 11 12 13 14 15 16 17 18 0.836440365376
 1 3 4 6 7 8 9 10 11 12 13 14 15 16 17 18 0.835283151008
 1 2 4 6 7 8 9 10 11 12 13 14 15 16 17 18 0.834635602427
 1 2 3 6 7 8 9 10 11 12 13 14 15 16 17 18 0.835792656289
 1 2 3 4 7 8 9 10 11 12 13 14 15 16 17 18 0.835468785667
 1 2 3 4 6 8 9 10 11 12 13 14 15 16 17 18 0.833617619378
 1 2 3 4 6 7 9 10 11 12 13 14 15 16 17 18 0.83380318987
 1 2 3 4 6 7 8 10 11 12 13 14 15 16 17 18 0.824225757019
 1 2 3 4 6 7 8 9 11 12 13 14 15 16 17 18 0.832599861121
 1 2 3 4 6 7 8 9 10 12 13 14 15 16 17 18 0.836347248364
 1 2 3 4 6 7 8 9 10 11 13 14 15 16 17 18 0.8340347891
 1 2 3 4 6 7 8 9 10 11 12 14 15 16 17 18 0.835514546776
 1 2 3 4 6 7 8 9 10 11 12 13 15 16 17 18 0.835561132025
 1 2 3 4 6 7 8 9 10 11 12 13 14 16 17 18 0.734232695048
 1 2 3 4 6 7 8 9 10 11 12 13 14 15 17 18 0.834265713792
 1 2 3 4 6 7 8 9 10 11 12 13 14 15 16 18 0.833525401443
 1 2 3 4 6 7 8 9 10 11 12 13 14 15 16 17 0.835514846472


eliminate feature bedrooms

2 3 4 6 7 8 9 10 11 12 13 14 15 16 17 18 
 3 4 6 7 8 9 10 11 12 13 14 15 16 17 18 0.835329393768
 2 4 6 7 8 9 10 11 12 13 14 15 16 17 18 0.835375893402
 2 3 6 7 8 9 10 11 12 13 14 15 16 17 18 0.836070177088
 2 3 4 7 8 9 10 11 12 13 14 15 16 17 18 0.836301604969
 2 3 4 6 8 9 10 11 12 13 14 15 16 17 18 0.834450320982
 2 3 4 6 7 9 10 11 12 13 14 15 16 17 18 0.834497184569
 2 3 4 6 7 8 10 11 12 13 14 15 16 17 18 0.824966069398
 2 3 4 6 7 8 9 11 12 13 14 15 16 17 18 0.833478869666
 2 3 4 6 7 8 9 10 12 13 14 15 16 17 18 0.836532305033
 2 3 4 6 7 8 9 10 11 13 14 15 16 17 18 0.834682883528
 2 3 4 6 7 8 9 10 11 12 14 15 16 17 18 0.836162437831
 2 3 4 6 7 8 9 10 11 12 13 15 16 17 18 0.835931298923
 2 3 4 6 7 8 9 10 11 12 13 14 16 17 18 0.738072974496
 2 3 4 6 7 8 9 10 11 12 13 14 15 17 18 0.834404549134
 2 3 4 6 7 8 9 10 11 12 13 14 15 16 18 0.834311903064
 2 3 4 6 7 8 9 10 11 12 13 14 15 16 17 0.835931309662


eliminate feature sqft_basement

2 3 4 6 7 8 9 10 12 13 14 15 16 17 18 
 3 4 6 7 8 9 10 12 13 14 15 16 17 18 0.837781844399
 2 4 6 7 8 9 10 12 13 14 15 16 17 18 0.833710008574
 2 3 6 7 8 9 10 12 13 14 15 16 17 18 0.836439830223
 2 3 4 7 8 9 10 12 13 14 15 16 17 18 0.836532422761
 2 3 4 6 8 9 10 12 13 14 15 16 17 18 0.834496681499
 2 3 4 6 7 9 10 12 13 14 15 16 17 18 0.835654281208
 2 3 4 6 7 8 10 12 13 14 15 16 17 18 0.824780905666
 2 3 4 6 7 8 9 12 13 14 15 16 17 18 0.834311796031
 2 3 4 6 7 8 9 10 13 14 15 16 17 18 0.835145150619
 2 3 4 6 7 8 9 10 12 14 15 16 17 18 0.836115724115
 2 3 4 6 7 8 9 10 12 13 15 16 17 18 0.83676410756
 2 3 4 6 7 8 9 10 12 13 14 16 17 18 0.738443184247
 2 3 4 6 7 8 9 10 12 13 14 15 17 18 0.834126503787
 2 3 4 6 7 8 9 10 12 13 14 15 16 18 0.835607150038
 2 3 4 6 7 8 9 10 12 13 14 15 16 17 0.836023367033


eliminate feature bathrooms

3 4 6 7 8 9 10 12 13 14 15 16 17 18 
 4 6 7 8 9 10 12 13 14 15 16 17 18 0.833108895475
 3 6 7 8 9 10 12 13 14 15 16 17 18 0.838105704282
 3 4 7 8 9 10 12 13 14 15 16 17 18 0.838059579266
 3 4 6 8 9 10 12 13 14 15 16 17 18 0.835977209903
 3 4 6 7 9 10 12 13 14 15 16 17 18 0.835931545148
 3 4 6 7 8 10 12 13 14 15 16 17 18 0.826585550901
 3 4 6 7 8 9 12 13 14 15 16 17 18 0.832830871547
 3 4 6 7 8 9 10 13 14 15 16 17 18 0.834960061778
 3 4 6 7 8 9 10 12 14 15 16 17 18 0.837735451739
 3 4 6 7 8 9 10 12 13 15 16 17 18 0.837134028249
 3 4 6 7 8 9 10 12 13 14 16 17 18 0.732150785917
 3 4 6 7 8 9 10 12 13 14 15 17 18 0.834913465671
 3 4 6 7 8 9 10 12 13 14 15 16 18 0.836579361253
 3 4 6 7 8 9 10 12 13 14 15 16 17 0.837828097853


eliminate feature sqft_lot

3 6 7 8 9 10 12 13 14 15 16 17 18 
 6 7 8 9 10 12 13 14 15 16 17 18 0.833895493436
 3 7 8 9 10 12 13 14 15 16 17 18 0.838846091567
 3 6 8 9 10 12 13 14 15 16 17 18 0.836301069831
 3 6 7 9 10 12 13 14 15 16 17 18 0.835931566581
 3 6 7 8 10 12 13 14 15 16 17 18 0.827418295283
 3 6 7 8 9 12 13 14 15 16 17 18 0.833108499395
 3 6 7 8 9 10 13 14 15 16 17 18 0.835330207288
 3 6 7 8 9 10 12 14 15 16 17 18 0.838013047489
 3 6 7 8 9 10 12 13 15 16 17 18 0.837319138464
 3 6 7 8 9 10 12 13 14 16 17 18 0.737656714679
 3 6 7 8 9 10 12 13 14 15 17 18 0.834959708446
 3 6 7 8 9 10 12 13 14 15 16 18 0.837041970849
 3 6 7 8 9 10 12 13 14 15 16 17 0.83764304117


eliminate feature waterfront

3 7 8 9 10 12 13 14 15 16 17 18 
 7 8 9 10 12 13 14 15 16 17 18 0.834774716063
 3 8 9 10 12 13 14 15 16 17 18 0.835190933072
 3 7 9 10 12 13 14 15 16 17 18 0.836856957033
 3 7 8 10 12 13 14 15 16 17 18 0.827511069819
 3 7 8 9 12 13 14 15 16 17 18 0.833663883512
 3 7 8 9 10 13 14 15 16 17 18 0.83570040624
 3 7 8 9 10 12 14 15 16 17 18 0.838846080857
 3 7 8 9 10 12 13 15 16 17 18 0.837643330172
 3 7 8 9 10 12 13 14 16 17 18 0.745476323
 3 7 8 9 10 12 13 14 15 17 18 0.835561399579
 3 7 8 9 10 12 13 14 15 16 18 0.837782336774
 3 7 8 9 10 12 13 14 15 16 17 0.838059450813


eliminate feature yr_renovated

3 7 8 9 10 12 14 15 16 17 18 
 7 8 9 10 12 14 15 16 17 18 0.83458939178
 3 8 9 10 12 14 15 16 17 18 0.835237111576
 3 7 9 10 12 14 15 16 17 18 0.837643415832
 3 7 8 10 12 14 15 16 17 18 0.828158425707
 3 7 8 9 12 14 15 16 17 18 0.835653649642
 3 7 8 9 10 14 15 16 17 18 0.834220198997
 3 7 8 9 10 12 15 16 17 18 0.837643437191
 3 7 8 9 10 12 14 16 17 18 0.751167180097
 3 7 8 9 10 12 14 15 17 18 0.835931341701
 3 7 8 9 10 12 14 15 16 18 0.838059889687
 3 7 8 9 10 12 14 15 16 17 0.838614663671


eliminate feature sqft_lot15

3 7 8 9 10 12 14 15 16 17 
 7 8 9 10 12 14 15 16 17 0.834450492227
 3 8 9 10 12 14 15 16 17 0.835653617559
 3 7 9 10 12 14 15 16 17 0.837458252115
 3 7 8 10 12 14 15 16 17 0.828389789376
 3 7 8 9 12 14 15 16 17 0.8358388776
 3 7 8 9 10 14 15 16 17 0.835284542518
 3 7 8 9 10 12 15 16 17 0.837596991088
 3 7 8 9 10 12 14 16 17 0.756812244001
 3 7 8 9 10 12 14 15 17 0.835561228319
 3 7 8 9 10 12 14 15 16 0.837412169876


eliminate feature zipcode

3 7 8 9 10 12 15 16 17 
 7 8 9 10 12 15 16 17 0.833710789936
 3 8 9 10 12 15 16 17 0.835931545133
 3 7 9 10 12 15 16 17 0.837135013044
 3 7 8 10 12 15 16 17 0.827649509066
 3 7 8 9 12 15 16 17 0.835468528807
 3 7 8 9 10 15 16 17 0.835284660276
 3 7 8 9 10 12 16 17 0.725997362077
 3 7 8 9 10 12 15 17 0.834774844485
 3 7 8 9 10 12 15 16 0.836857128322


eliminate feature condition

3 7 9 10 12 15 16 17 
 7 9 10 12 15 16 17 0.830286909481
 3 9 10 12 15 16 17 0.834682540994
 3 7 10 12 15 16 17 0.826030102572
 3 7 9 12 15 16 17 0.836163262016
 3 7 9 10 15 16 17 0.835007931653
 3 7 9 10 12 16 17 0.732752048797
 3 7 9 10 12 15 17 0.832970884377
 3 7 9 10 12 15 16 0.834313091276


eliminate feature sqft_above

3 7 9 12 15 16 17 
 7 9 12 15 16 17 0.820385466846
 3 9 12 15 16 17 0.834497869592
 3 7 12 15 16 17 0.823346823365
 3 7 9 15 16 17 0.831491383635
 3 7 9 12 16 17 0.738767172508
 3 7 9 12 15 17 0.831999208314
 3 7 9 12 15 16 0.83445173397


eliminate feature view

