0 1 2 3 4 5 6 7 8 9 10 11 12 13 14 15 16 17 18 
 1 2 3 4 5 6 7 8 9 10 11 12 13 14 15 16 17 18 -41024105942.0
 0 2 3 4 5 6 7 8 9 10 11 12 13 14 15 16 17 18 -41687111998.6
 0 1 3 4 5 6 7 8 9 10 11 12 13 14 15 16 17 18 -41306718717.2
 0 1 2 4 5 6 7 8 9 10 11 12 13 14 15 16 17 18 -41015835577.9
 0 1 2 3 5 6 7 8 9 10 11 12 13 14 15 16 17 18 -41024493509.2
 0 1 2 3 4 6 7 8 9 10 11 12 13 14 15 16 17 18 -41014004046.1
 0 1 2 3 4 5 7 8 9 10 11 12 13 14 15 16 17 18 -43091116212.1
 0 1 2 3 4 5 6 8 9 10 11 12 13 14 15 16 17 18 -42155597586.6
 0 1 2 3 4 5 6 7 9 10 11 12 13 14 15 16 17 18 -41249748163.1
 0 1 2 3 4 5 6 7 8 10 11 12 13 14 15 16 17 18 -44851323782.5
 0 1 2 3 4 5 6 7 8 9 11 12 13 14 15 16 17 18 -41015835577.9
 0 1 2 3 4 5 6 7 8 9 10 12 13 14 15 16 17 18 -41015835577.9
 0 1 2 3 4 5 6 7 8 9 10 11 13 14 15 16 17 18 -43253664623.2
 0 1 2 3 4 5 6 7 8 9 10 11 12 14 15 16 17 18 -41068496430.2
 0 1 2 3 4 5 6 7 8 9 10 11 12 13 15 16 17 18 -41591790976.3
 0 1 2 3 4 5 6 7 8 9 10 11 12 13 14 16 17 18 -47041508273.3
 0 1 2 3 4 5 6 7 8 9 10 11 12 13 14 15 17 18 -41576088655.7
 0 1 2 3 4 5 6 7 8 9 10 11 12 13 14 15 16 18 -40990100588.9
 0 1 2 3 4 5 6 7 8 9 10 11 12 13 14 15 16 17 -41067160696.0


eliminate feature sqft_living15

0 1 2 3 4 5 6 7 8 9 10 11 12 13 14 15 16 18 
 1 2 3 4 5 6 7 8 9 10 11 12 13 14 15 16 18 -40998275167.7
 0 2 3 4 5 6 7 8 9 10 11 12 13 14 15 16 18 -41664934283.4
 0 1 3 4 5 6 7 8 9 10 11 12 13 14 15 16 18 -41272013795.4
 0 1 2 4 5 6 7 8 9 10 11 12 13 14 15 16 18 -40990113028.7
 0 1 2 3 5 6 7 8 9 10 11 12 13 14 15 16 18 -40993593305.8
 0 1 2 3 4 6 7 8 9 10 11 12 13 14 15 16 18 -40971949905.6
 0 1 2 3 4 5 7 8 9 10 11 12 13 14 15 16 18 -43049029289.8
 0 1 2 3 4 5 6 8 9 10 11 12 13 14 15 16 18 -42226903051.7
 0 1 2 3 4 5 6 7 9 10 11 12 13 14 15 16 18 -41215431510.3
 0 1 2 3 4 5 6 7 8 10 11 12 13 14 15 16 18 -45433725035.6
 0 1 2 3 4 5 6 7 8 9 11 12 13 14 15 16 18 -40990113028.7
 0 1 2 3 4 5 6 7 8 9 10 12 13 14 15 16 18 -40990113028.7
 0 1 2 3 4 5 6 7 8 9 10 11 13 14 15 16 18 -43274385800.3
 0 1 2 3 4 5 6 7 8 9 10 11 12 14 15 16 18 -41037194945.8
 0 1 2 3 4 5 6 7 8 9 10 11 12 13 15 16 18 -41600985502.8
 0 1 2 3 4 5 6 7 8 9 10 11 12 13 14 16 18 -47051401125.1
 0 1 2 3 4 5 6 7 8 9 10 11 12 13 14 15 18 -41484741236.9
 0 1 2 3 4 5 6 7 8 9 10 11 12 13 14 15 16 -41038214901.1


eliminate feature floors

0 1 2 3 4 6 7 8 9 10 11 12 13 14 15 16 18 
 1 2 3 4 6 7 8 9 10 11 12 13 14 15 16 18 -40980077672.7
 0 2 3 4 6 7 8 9 10 11 12 13 14 15 16 18 -41649207111.3
 0 1 3 4 6 7 8 9 10 11 12 13 14 15 16 18 -41321211675.0
 0 1 2 4 6 7 8 9 10 11 12 13 14 15 16 18 -40971902920.1
 0 1 2 3 6 7 8 9 10 11 12 13 14 15 16 18 -40975183244.9
 0 1 2 3 4 7 8 9 10 11 12 13 14 15 16 18 -43033010877.0
 0 1 2 3 4 6 8 9 10 11 12 13 14 15 16 18 -42211181450.9
 0 1 2 3 4 6 7 9 10 11 12 13 14 15 16 18 -41188374891.7
 0 1 2 3 4 6 7 8 10 11 12 13 14 15 16 18 -45452260751.1
 0 1 2 3 4 6 7 8 9 11 12 13 14 15 16 18 -40971902920.1
 0 1 2 3 4 6 7 8 9 10 12 13 14 15 16 18 -40971902920.1
 0 1 2 3 4 6 7 8 9 10 11 13 14 15 16 18 -43353104975.9
 0 1 2 3 4 6 7 8 9 10 11 12 14 15 16 18 -41022542397.3
 0 1 2 3 4 6 7 8 9 10 11 12 13 15 16 18 -41566935782.0
 0 1 2 3 4 6 7 8 9 10 11 12 13 14 16 18 -47091228273.0
 0 1 2 3 4 6 7 8 9 10 11 12 13 14 15 18 -41475400920.1
 0 1 2 3 4 6 7 8 9 10 11 12 13 14 15 16 -41022383496.4


eliminate feature sqft_living

0 1 2 4 6 7 8 9 10 11 12 13 14 15 16 18 
 1 2 4 6 7 8 9 10 11 12 13 14 15 16 18 -40979809892.6
 0 2 4 6 7 8 9 10 11 12 13 14 15 16 18 -41649178373.8
 0 1 4 6 7 8 9 10 11 12 13 14 15 16 18 -41320908282.8
 0 1 2 6 7 8 9 10 11 12 13 14 15 16 18 -40975222453.7
 0 1 2 4 7 8 9 10 11 12 13 14 15 16 18 -43033055370.8
 0 1 2 4 6 8 9 10 11 12 13 14 15 16 18 -42211455615.8
 0 1 2 4 6 7 9 10 11 12 13 14 15 16 18 -41188647504.5
 0 1 2 4 6 7 8 10 11 12 13 14 15 16 18 -45452369126.2
 0 1 2 4 6 7 8 9 11 12 13 14 15 16 18 -47059589719.0
 0 1 2 4 6 7 8 9 10 12 13 14 15 16 18 -43594174614.1
 0 1 2 4 6 7 8 9 10 11 13 14 15 16 18 -43354391287.8
 0 1 2 4 6 7 8 9 10 11 12 14 15 16 18 -41022559795.7
 0 1 2 4 6 7 8 9 10 11 12 13 15 16 18 -41566609881.0
 0 1 2 4 6 7 8 9 10 11 12 13 14 16 18 -47091532593.5
 0 1 2 4 6 7 8 9 10 11 12 13 14 15 18 -41475492219.7
 0 1 2 4 6 7 8 9 10 11 12 13 14 15 16 -41022359310.1


eliminate feature sqft_lot

0 1 2 6 7 8 9 10 11 12 13 14 15 16 18 
 1 2 6 7 8 9 10 11 12 13 14 15 16 18 -40984945027.0
 0 2 6 7 8 9 10 11 12 13 14 15 16 18 -41658441195.6
 0 1 6 7 8 9 10 11 12 13 14 15 16 18 -41325625930.9
 0 1 2 7 8 9 10 11 12 13 14 15 16 18 -43034635486.8
 0 1 2 6 8 9 10 11 12 13 14 15 16 18 -42220008699.5
 0 1 2 6 7 9 10 11 12 13 14 15 16 18 -41190314461.5
 0 1 2 6 7 8 10 11 12 13 14 15 16 18 -45452478929.7
 0 1 2 6 7 8 9 11 12 13 14 15 16 18 -47090061993.0
 0 1 2 6 7 8 9 10 12 13 14 15 16 18 -43603636821.3
 0 1 2 6 7 8 9 10 11 13 14 15 16 18 -43378926848.8
 0 1 2 6 7 8 9 10 11 12 14 15 16 18 -41025219883.3
 0 1 2 6 7 8 9 10 11 12 13 15 16 18 -41568917293.0
 0 1 2 6 7 8 9 10 11 12 13 14 16 18 -47083212169.4
 0 1 2 6 7 8 9 10 11 12 13 14 15 18 -41470132215.5
 0 1 2 6 7 8 9 10 11 12 13 14 15 16 -41023579487.5


eliminate feature id

1 2 6 7 8 9 10 11 12 13 14 15 16 18 
 2 6 7 8 9 10 11 12 13 14 15 16 18 -41668827620.0
 1 6 7 8 9 10 11 12 13 14 15 16 18 -41335340796.6
 1 2 7 8 9 10 11 12 13 14 15 16 18 -43046662968.4
 1 2 6 8 9 10 11 12 13 14 15 16 18 -42222260710.6
 1 2 6 7 9 10 11 12 13 14 15 16 18 -41202597451.1
 1 2 6 7 8 10 11 12 13 14 15 16 18 -45454526951.6
 1 2 6 7 8 9 11 12 13 14 15 16 18 -47111437067.1
 1 2 6 7 8 9 10 12 13 14 15 16 18 -43612935284.9
 1 2 6 7 8 9 10 11 13 14 15 16 18 -43386438359.8
 1 2 6 7 8 9 10 11 12 14 15 16 18 -41035637739.9
 1 2 6 7 8 9 10 11 12 13 15 16 18 -41579155732.8
 1 2 6 7 8 9 10 11 12 13 14 16 18 -47101035945.0
 1 2 6 7 8 9 10 11 12 13 14 15 18 -41488271270.8
 1 2 6 7 8 9 10 11 12 13 14 15 16 -41026018092.1


eliminate feature sqft_lot15

1 2 6 7 8 9 10 11 12 13 14 15 16 
 2 6 7 8 9 10 11 12 13 14 15 16 -41686202435.3
 1 6 7 8 9 10 11 12 13 14 15 16 -41390245539.3
 1 2 7 8 9 10 11 12 13 14 15 16 -43088635331.3
 1 2 6 8 9 10 11 12 13 14 15 16 -42244321912.9
 1 2 6 7 9 10 11 12 13 14 15 16 -41241315125.4
 1 2 6 7 8 10 11 12 13 14 15 16 -45511625066.7
 1 2 6 7 8 9 11 12 13 14 15 16 -47127712701.0
 1 2 6 7 8 9 10 12 13 14 15 16 -43614802761.5
 1 2 6 7 8 9 10 11 13 14 15 16 -43400921934.5
 1 2 6 7 8 9 10 11 12 14 15 16 -41076391424.2
 1 2 6 7 8 9 10 11 12 13 15 16 -41621316515.1
 1 2 6 7 8 9 10 11 12 13 14 16 -47247151039.7
 1 2 6 7 8 9 10 11 12 13 14 15 -41611897032.3


eliminate feature yr_renovated

1 2 6 7 8 9 10 11 12 14 15 16 
 2 6 7 8 9 10 11 12 14 15 16 -41750641878.7
 1 6 7 8 9 10 11 12 14 15 16 -41497554314.4
 1 2 7 8 9 10 11 12 14 15 16 -43184188200.4
 1 2 6 8 9 10 11 12 14 15 16 -42308176870.0
 1 2 6 7 9 10 11 12 14 15 16 -41260110947.6
 1 2 6 7 8 10 11 12 14 15 16 -45589294894.6
 1 2 6 7 8 9 11 12 14 15 16 -47157318845.7
 1 2 6 7 8 9 10 12 14 15 16 -43648125602.0
 1 2 6 7 8 9 10 11 14 15 16 -43976950805.2
 1 2 6 7 8 9 10 11 12 15 16 -41677031275.4
 1 2 6 7 8 9 10 11 12 14 16 -47263170900.5
 1 2 6 7 8 9 10 11 12 14 15 -41654033796.8


eliminate feature condition

1 2 6 7 9 10 11 12 14 15 16 
 2 6 7 9 10 11 12 14 15 16 -41903760396.8
 1 6 7 9 10 11 12 14 15 16 -41698737813.5
 1 2 7 9 10 11 12 14 15 16 -43369489842.0
 1 2 6 9 10 11 12 14 15 16 -42497567502.8
 1 2 6 7 10 11 12 14 15 16 -45789564303.6
 1 2 6 7 9 11 12 14 15 16 -47250826326.7
 1 2 6 7 9 10 12 14 15 16 -43970502378.6
 1 2 6 7 9 10 11 14 15 16 -45048823630.2
 1 2 6 7 9 10 11 12 15 16 -41949249505.1
 1 2 6 7 9 10 11 12 14 16 -47348355886.9
 1 2 6 7 9 10 11 12 14 15 -41836243236.6


eliminate feature bathrooms

1 6 7 9 10 11 12 14 15 16 
 6 7 9 10 11 12 14 15 16 -42163107188.8
 1 7 9 10 11 12 14 15 16 -43817235051.6
 1 6 9 10 11 12 14 15 16 -42965475479.6
 1 6 7 10 11 12 14 15 16 -46568654411.9
 1 6 7 9 11 12 14 15 16 -50222961893.6
 1 6 7 9 10 12 14 15 16 -45818365522.9
 1 6 7 9 10 11 14 15 16 -45079101106.0
 1 6 7 9 10 11 12 15 16 -42376730461.7
 1 6 7 9 10 11 12 14 16 -47923966946.4
 1 6 7 9 10 11 12 14 15 -42347245940.6


eliminate feature bedrooms

6 7 9 10 11 12 14 15 16 
 7 9 10 11 12 14 15 16 -44371310789.6
 6 9 10 11 12 14 15 16 -43568602771.2
 6 7 10 11 12 14 15 16 -47488959566.6
 6 7 9 11 12 14 15 16 -50628248959.7
 6 7 9 10 12 14 15 16 -45823497006.8
 6 7 9 10 11 14 15 16 -45534045595.4
 6 7 9 10 11 12 15 16 -42780578168.4
 6 7 9 10 11 12 14 16 -48482591361.0
 6 7 9 10 11 12 14 15 -42767530656.9


eliminate feature long

6 7 9 10 11 12 14 15 
 7 9 10 11 12 14 15 -45034011441.0
 6 9 10 11 12 14 15 -44191523556.2
 6 7 10 11 12 14 15 -48712725470.5
 6 7 9 11 12 14 15 -50648150675.7
 6 7 9 10 12 14 15 -46564482100.7
 6 7 9 10 11 14 15 -46973201676.8
 6 7 9 10 11 12 15 -42948832138.6
 6 7 9 10 11 12 14 -48879861489.2


eliminate feature zipcode

6 7 9 10 11 12 15 
 7 9 10 11 12 15 -45213844787.0
 6 9 10 11 12 15 -44282076289.1
 6 7 10 11 12 15 -48831744949.1
 6 7 9 11 12 15 -51401084961.4
 6 7 9 10 12 15 -46816809225.5
 6 7 9 10 11 15 -46972395400.9
 6 7 9 10 11 12 -48830274639.0


eliminate feature view

